38.802680281221214
44.15842477516289
39.135594534091254
40.31554849398526
35.581775189443206
38.557853011175055
43.15271630544112
38.163018635399844
39.77266880289106
33.770920686615945
36.85927133458185
39.98225786313721
38.749003644448806
33.59486706680218
40.97122302781329
34.87094069250473
38.249397883280444
37.74826240234319
40.21099157341099
36.38503387240855
38.83082041089851
38.655553691549706
32.84670992563865
36.84016704303572
39.87811611244166
36.69711194842126
39.22193401427085
39.786721541869156
41.91448495215131
38.29078748970681
39.35918920492054
32.32082096446193
35.139471174838185
36.84860361945968
37.24206483471588
41.63261727465266
41.609043376121555
38.75056004780136
36.96414972205434
34.19879454585799
33.47227880387675
34.41275527629928
41.161695410291316
39.75424837805348
39.822744942260144
36.35998567286955
39.55620133092276
39.44189129815618
40.355683313249
32.53248127969344
37.18588696538022
34.60968338078658
39.847568247595795
36.985907255878736
36.10830674439733
34.305024459026356
36.86145255120598
33.84415037546554
39.077754984770095
38.49967647820989
36.64902701112688
41.73548722484537
36.93428735422882
40.645992754021336
40.54394007818121
36.44549597717783
39.40750847217271
37.6188778489545
34.32208781418197
36.84777829336381
35.193952077634854
34.32329002158919
39.915991647595376
37.67859044834263
39.57318616574589
39.28304396821124
37.95325511574848
39.67758960206873
39.59544019391572
36.82160556356592
36.335646504888636
33.84677807670108
42.20751817909547
37.06145283639784
37.68798380843987
39.04727571025048
34.45485731803206
43.26847051777217
38.75601568266972
32.93733915064121
37.017628598105446
39.04498214210377
36.85099170094742
37.3261155895209
33.27104028698266
34.23734262994826
36.881409615793274
35.54078905000655
36.101415548194865
35.44303021154751
