0.9881828715515252
0.9888308164450033
0.9816652383404296
0.9807382092622029
0.9822566694637839
0.9884429458136156
0.9920922137358085
0.9879960171859183
0.9815689374922277
0.9801720973248474
0.986541190831178
0.9858763298936649
0.9821951730340738
0.9713267284268531
0.9881907627265426
0.9678176388573702
0.9833861729453653
0.9797703142378968
0.9875624547760724
0.9813158871236256
0.9862217339763605
0.9880590607457164
0.9359734157827736
0.9557720641071715
0.9869765983770277
0.9894404925472599
0.9828852766712893
0.9836781820285655
0.9819059498107977
0.9744080459323207
0.9825812260702597
0.9765542148365259
0.9373645646734386
0.9741361491806306
0.9839108578533332
0.9786737093241581
0.9877021431113584
0.9798715280980671
0.9793623220958804
0.9800115433307388
0.9718973381198611
0.9797843165048746
0.980989836969902
0.9884250073320123
0.9787340308317486
0.9864700082372003
0.9867708651990563
0.9672753861540778
0.9840679302482221
0.9780985579008113
0.979720366049445
0.9783010558721416
0.9861527257658224
0.9789682403249277
0.9781171525662976
0.9700257033784759
0.9740173410871704
0.9694545379247769
0.9863898701917302
0.9888013809146777
0.9792482971015676
0.9885133886378338
0.9884210651499704
0.9910125497462311
0.9904073243297149
0.9830608847861199
0.9874443677400447
0.9768333231113792
0.9715942379627364
0.9816851137182573
0.9840246336142222
0.9565953465258051
0.9768126930635549
0.9914670670244007
0.9871023255148262
0.9867257118302075
0.9816422556609693
0.9781278192007505
0.9872517036617486
0.9845803148620084
0.9737265121044164
0.9555116101963601
0.9928820504396766
0.9794949588757307
0.9788242101643996
0.9795719504882682
0.9729620388920326
0.9753942175744225
0.9899966048111306
0.9731190914418884
0.9875093901154685
0.9878791114006242
0.9865277792595138
0.9804653202889707
0.9699546341770157
0.9680369711107942
0.985023679335374
0.9605378831790939
0.9706394467639262
0.9675043986517985
